#,7UNU_a_U1080-a_G1093.cif,4V8I_AA_U677-AA_G713.cif,7QEP_3_U556-3_G592.cif,7R7A_1_U441-1_G493.cif,6XU8_A5_U1198-A5_G1312.cif,7NHN_A_G2337-A_U2345.cif,4U3N_1_U2875-1_G2952.cif,7ZTA_16S1_U1086-16S1_G1099.cif,7U2H_1A_G2304-1A_U2312.cif,7ASN_A_G2133-A_U2211.cif,4B3R_A_U1086-A_G1099.cif,7QIW_2_G424-2_U643.cif,5MMI_A_G394-A_U404.cif,8B0X_A_U677-A_G713.cif,7MT7_A_G2542-A_U2550.cif,5NGM_AA_G428-AA_U438.cif,6SKF_BA_G1015-BA_U1024.cif,6YEF_a_U1097-a_G1110.cif,6YEF_a_U685-a_G721.cif,7S0S_C_G470-C_U480.cif,6LU8_2_G505-2_U653.cif,7MT7_a_U668-a_G704.cif,6WQN_1_G1515-1_U1565.cif,6HA1_A_G2130-A_U2217.cif,7UNR_a_U671-a_G707.cif,7QCA_S60_U998-S60_G1050.cif,7NHN_a_U687-a_G723.cif,6XU8_A5_G2811-A5_U3128.cif,6W6P_A_G2318-A_U2326.cif,7M4Y_a_U1083-a_G1096.cif,6HA1_a_U686-a_G722.cif,7UVZ_a_U674-a_G710.cif,3CXC_0_U2586-0_G2592.cif,7MT2_A_G471-A_U481.cif,5T2A_2_G2006-2_U2022.cif,6WRU_1_G1577-1_U1589.cif,7K00_a_G2304-a_U2312.cif,7QWQ_5_G4740-5_U4959.cif,7VYX_C_G22-C_U40.cif,8EV3_6_G105-6_U179.cif,7UNR_A_G2291-A_U2299.cif
7UNU_a_U1080-a_G1093.cif,0,3.18,2.85,3.16,2.91,3.95,2.33,0.41,4.22,3.64,0.51,3.09,3.48,3.13,4.15,3.32,4.27,0.4,3.04,3.43,2.8,3.13,3.17,3.26,3.14,2.47,3.07,3.88,4.25,0.46,3.16,3.15,3.22,3.4,3.2,3.08,4.06,3.27,3.14,3.9,3.95
4V8I_AA_U677-AA_G713.cif,3.18,0,1.22,2.3,1.26,3.07,2.63,3.07,3.58,3.07,2.94,2.0,2.08,0.18,3.5,1.94,2.85,3.12,0.33,1.96,3.21,0.28,1.45,1.62,0.3,1.74,0.47,2.42,3.51,3.05,0.27,0.24,1.71,2.0,1.78,1.94,3.33,2.39,1.88,3.86,3.16
7QEP_3_U556-3_G592.cif,2.85,1.22,0,1.93,1.25,3.06,2.67,2.7,3.54,3.26,2.58,1.66,2.34,1.21,3.44,2.23,2.99,2.78,1.19,2.25,3.39,1.21,1.83,2.07,1.25,2.02,1.24,2.63,3.45,2.74,1.23,1.22,1.9,2.27,2.12,1.67,3.24,2.3,1.93,3.68,3.1
7R7A_1_U441-1_G493.cif,3.16,2.3,1.93,0,1.9,3.23,3.46,3.06,3.68,3.64,2.94,2.15,2.69,2.31,3.56,2.69,3.08,3.13,2.34,2.67,3.72,2.34,2.28,2.43,2.33,2.14,2.28,3.0,3.63,3.12,2.3,2.32,2.27,2.66,2.7,2.16,3.41,2.67,2.39,3.75,3.29
6XU8_A5_U1198-A5_G1312.cif,2.91,1.26,1.25,1.9,0,3.03,2.42,2.82,3.51,3.28,2.67,1.87,2.13,1.23,3.43,2.02,2.83,2.89,1.28,2.05,3.32,1.28,1.71,1.94,1.31,2.01,1.12,2.57,3.48,2.82,1.32,1.26,1.56,2.08,2.01,1.76,3.25,2.17,1.99,3.73,3.09
7NHN_A_G2337-A_U2345.cif,3.95,3.07,3.06,3.23,3.03,0,3.72,3.89,1.46,3.44,3.87,2.7,2.33,3.06,1.3,2.51,3.41,3.99,2.98,2.31,3.32,3.02,2.67,2.68,3.01,3.26,3.09,3.02,1.18,3.91,3.0,3.07,2.86,2.29,2.82,2.64,1.17,2.21,2.53,4.32,0.95
4U3N_1_U2875-1_G2952.cif,2.33,2.63,2.67,3.46,2.42,3.72,0,2.28,4.02,3.84,2.31,2.82,2.77,2.55,3.96,2.49,4.07,2.36,2.47,2.72,2.79,2.53,2.71,2.78,2.61,2.62,2.5,3.55,4.09,2.28,2.6,2.57,2.75,2.72,2.63,2.79,3.81,3.15,2.68,4.1,3.67
7ZTA_16S1_U1086-16S1_G1099.cif,0.41,3.07,2.7,3.06,2.82,3.89,2.28,0,4.19,3.7,0.43,2.99,3.39,3.02,4.1,3.24,4.28,0.38,2.93,3.35,2.78,3.02,3.07,3.19,3.03,2.33,2.98,3.88,4.2,0.39,3.05,3.04,3.17,3.32,3.09,3.01,3.99,3.18,3.07,3.86,3.88
7U2H_1A_G2304-1A_U2312.cif,4.22,3.58,3.54,3.68,3.51,1.46,4.02,4.19,0,3.62,4.18,3.18,2.88,3.57,0.37,3.02,3.67,4.27,3.51,2.88,3.63,3.55,3.23,3.22,3.52,3.8,3.61,3.57,1.29,4.19,3.53,3.58,3.45,2.9,3.31,3.19,0.93,2.82,2.97,4.75,1.12
7ASN_A_G2133-A_U2211.cif,3.64,3.07,3.26,3.64,3.28,3.44,3.84,3.7,3.62,0,3.71,3.17,3.45,3.09,3.55,3.42,1.74,3.62,3.08,3.28,3.03,3.07,2.81,3.06,2.99,3.5,3.0,1.99,3.64,3.59,3.04,3.05,3.1,3.31,3.22,2.92,3.66,3.13,3.09,3.54,3.5
4B3R_A_U1086-A_G1099.cif,0.51,2.94,2.58,2.94,2.67,3.87,2.31,0.43,4.18,3.71,0,2.89,3.35,2.89,4.1,3.2,4.13,0.48,2.82,3.29,2.9,2.9,3.01,3.11,2.92,2.3,2.84,3.75,4.19,0.54,2.94,2.92,3.05,3.28,3.04,2.89,3.98,3.11,2.99,3.94,3.88
7QIW_2_G424-2_U643.cif,3.09,2.0,1.66,2.15,1.87,2.7,2.82,2.99,3.18,3.17,2.89,0,1.6,2.01,3.06,1.6,2.45,3.07,2.04,1.52,2.93,2.02,1.55,1.44,2.03,2.35,2.06,2.15,3.15,3.03,2.01,2.0,2.07,1.54,1.76,0.69,2.85,2.2,1.04,3.64,2.7
5MMI_A_G394-A_U404.cif,3.48,2.08,2.34,2.69,2.13,2.33,2.77,3.39,2.88,3.45,3.35,1.6,0,2.04,2.82,0.69,2.9,3.5,2.07,0.32,2.81,2.02,1.56,1.29,2.03,2.35,2.12,2.18,2.86,3.43,2.02,2.05,1.89,0.33,1.69,1.71,2.61,2.32,1.5,3.99,2.45
8B0X_A_U677-A_G713.cif,3.13,0.18,1.21,2.31,1.23,3.06,2.55,3.02,3.57,3.09,2.89,2.01,2.04,0,3.49,1.89,2.9,3.07,0.28,1.93,3.18,0.2,1.44,1.62,0.22,1.7,0.41,2.41,3.5,3.01,0.25,0.18,1.67,1.97,1.77,1.95,3.33,2.38,1.88,3.81,3.15
7MT7_A_G2542-A_U2550.cif,4.15,3.5,3.44,3.56,3.43,1.3,3.96,4.1,0.37,3.55,4.1,3.06,2.82,3.49,0,2.97,3.6,4.19,3.42,2.82,3.58,3.47,3.11,3.14,3.44,3.7,3.53,3.51,1.25,4.1,3.45,3.5,3.42,2.83,3.24,3.07,0.88,2.71,2.85,4.63,1.02
5NGM_AA_G428-AA_U438.cif,3.32,1.94,2.23,2.69,2.02,2.51,2.49,3.24,3.02,3.42,3.2,1.6,0.69,1.89,2.97,0,2.97,3.34,1.91,0.69,2.63,1.87,1.42,1.23,1.89,2.29,1.98,2.19,3.01,3.27,1.87,1.9,1.88,0.72,1.45,1.69,2.76,2.26,1.41,3.9,2.6
6SKF_BA_G1015-BA_U1024.cif,4.27,2.85,2.99,3.08,2.83,3.41,4.07,4.28,3.67,1.74,4.13,2.45,2.9,2.9,3.6,2.97,0,4.25,3.0,2.76,3.91,2.94,2.7,2.53,2.89,3.49,2.87,1.9,3.74,4.21,2.89,2.87,2.68,2.83,2.96,2.13,3.54,3.24,2.48,3.42,3.41
6YEF_a_U1097-a_G1110.cif,0.4,3.12,2.78,3.13,2.89,3.99,2.36,0.38,4.27,3.62,0.48,3.07,3.5,3.07,4.19,3.34,4.25,0,2.99,3.45,2.81,3.08,3.14,3.24,3.08,2.4,3.03,3.9,4.29,0.45,3.1,3.09,3.24,3.43,3.14,3.04,4.08,3.27,3.14,3.85,3.98
6YEF_a_U685-a_G721.cif,3.04,0.33,1.19,2.34,1.28,2.98,2.47,2.93,3.51,3.08,2.82,2.04,2.07,0.28,3.42,1.91,3.0,2.99,0,1.95,3.1,0.25,1.44,1.67,0.3,1.66,0.44,2.46,3.41,2.92,0.32,0.34,1.7,1.98,1.8,1.98,3.25,2.33,1.9,3.81,3.08
7S0S_C_G470-C_U480.cif,3.43,1.96,2.25,2.67,2.05,2.31,2.72,3.35,2.88,3.28,3.29,1.52,0.32,1.93,2.82,0.69,2.76,3.45,1.95,0,2.74,1.9,1.45,1.21,1.92,2.31,2.0,2.02,2.85,3.39,1.91,1.94,1.8,0.22,1.61,1.59,2.62,2.24,1.42,3.93,2.44
6LU8_2_G505-2_U653.cif,2.8,3.21,3.39,3.72,3.32,3.32,2.79,2.78,3.63,3.03,2.9,2.93,2.81,3.18,3.58,2.63,3.91,2.81,3.1,2.74,0,3.15,2.67,2.68,3.13,2.98,3.21,3.48,3.69,2.78,3.14,3.15,3.17,2.68,2.36,2.86,3.54,2.85,2.69,4.09,3.36
7MT7_a_U668-a_G704.cif,3.13,0.28,1.21,2.34,1.28,3.02,2.53,3.02,3.55,3.07,2.9,2.02,2.02,0.2,3.47,1.87,2.94,3.08,0.25,1.9,3.15,0,1.44,1.63,0.23,1.74,0.44,2.39,3.45,3.02,0.26,0.24,1.62,1.93,1.76,1.96,3.3,2.33,1.89,3.87,3.13
6WQN_1_G1515-1_U1565.cif,3.17,1.45,1.83,2.28,1.71,2.67,2.71,3.07,3.23,2.81,3.01,1.55,1.56,1.44,3.11,1.42,2.7,3.14,1.44,1.45,2.67,1.44,0,1.07,1.42,1.9,1.45,2.14,3.16,3.07,1.41,1.43,2.07,1.43,1.31,1.56,2.96,2.04,1.35,3.52,2.74
6HA1_A_G2130-A_U2217.cif,3.26,1.62,2.07,2.43,1.94,2.68,2.78,3.19,3.22,3.06,3.11,1.44,1.29,1.62,3.14,1.23,2.53,3.24,1.67,1.21,2.68,1.63,1.07,0,1.61,1.83,1.72,1.97,3.19,3.17,1.59,1.61,1.88,1.23,1.48,1.39,2.96,2.36,1.09,3.67,2.77
7UNR_a_U671-a_G707.cif,3.14,0.3,1.25,2.33,1.31,3.01,2.61,3.03,3.52,2.99,2.92,2.03,2.03,0.22,3.44,1.89,2.89,3.08,0.3,1.92,3.13,0.23,1.42,1.61,0,1.69,0.46,2.38,3.45,3.02,0.26,0.23,1.67,1.95,1.77,1.98,3.29,2.36,1.88,3.8,3.11
7QCA_S60_U998-S60_G1050.cif,2.47,1.74,2.02,2.14,2.01,3.26,2.62,2.33,3.8,3.5,2.3,2.35,2.35,1.7,3.7,2.29,3.49,2.4,1.66,2.31,2.98,1.74,1.9,1.83,1.69,0,1.75,2.92,3.7,2.36,1.69,1.74,2.14,2.29,2.36,2.4,3.55,2.8,2.3,3.55,3.39
7NHN_a_U687-a_G723.cif,3.07,0.47,1.24,2.28,1.12,3.09,2.5,2.98,3.61,3.0,2.84,2.06,2.12,0.41,3.53,1.98,2.87,3.03,0.44,2.0,3.21,0.44,1.45,1.72,0.46,1.75,0,2.37,3.52,2.96,0.51,0.42,1.64,2.02,1.88,1.97,3.37,2.37,1.93,3.8,3.18
6XU8_A5_G2811-A5_U3128.cif,3.88,2.42,2.63,3.0,2.57,3.02,3.55,3.88,3.57,1.99,3.75,2.15,2.18,2.41,3.51,2.19,1.9,3.9,2.46,2.02,3.48,2.39,2.14,1.97,2.38,2.92,2.37,0,3.37,3.84,2.38,2.41,1.96,2.04,2.55,1.91,3.37,2.84,2.11,3.68,3.18
6W6P_A_G2318-A_U2326.cif,4.25,3.51,3.45,3.63,3.48,1.18,4.09,4.2,1.29,3.64,4.19,3.15,2.86,3.5,1.25,3.01,3.74,4.29,3.41,2.85,3.69,3.45,3.16,3.19,3.45,3.7,3.52,3.37,0,4.23,3.44,3.51,3.29,2.85,3.32,3.13,0.82,2.6,2.96,4.7,0.79
7M4Y_a_U1083-a_G1096.cif,0.46,3.05,2.74,3.12,2.82,3.91,2.28,0.39,4.19,3.59,0.54,3.03,3.43,3.01,4.1,3.27,4.21,0.45,2.92,3.39,2.78,3.02,3.07,3.17,3.02,2.36,2.96,3.84,4.23,0,3.03,3.03,3.2,3.36,3.09,3.01,4.02,3.25,3.04,3.79,3.91
6HA1_a_U686-a_G722.cif,3.16,0.27,1.23,2.3,1.32,3.0,2.6,3.05,3.53,3.04,2.94,2.01,2.02,0.25,3.45,1.87,2.89,3.1,0.32,1.91,3.14,0.26,1.41,1.59,0.26,1.69,0.51,2.38,3.44,3.03,0,0.26,1.68,1.94,1.74,1.94,3.28,2.37,1.87,3.8,3.1
7UVZ_a_U674-a_G710.cif,3.15,0.24,1.22,2.32,1.26,3.07,2.57,3.04,3.58,3.05,2.92,2.0,2.05,0.18,3.5,1.9,2.87,3.09,0.34,1.94,3.15,0.24,1.43,1.61,0.23,1.74,0.42,2.41,3.51,3.03,0.26,0,1.67,1.97,1.76,1.94,3.34,2.39,1.88,3.8,3.16
3CXC_0_U2586-0_G2592.cif,3.22,1.71,1.9,2.27,1.56,2.86,2.75,3.17,3.45,3.1,3.05,2.07,1.89,1.67,3.42,1.88,2.68,3.24,1.7,1.8,3.17,1.62,2.07,1.88,1.67,2.14,1.64,1.96,3.29,3.2,1.68,1.67,0,1.8,2.28,1.89,3.23,2.31,2.12,3.87,3.05
7MT2_A_G471-A_U481.cif,3.4,2.0,2.27,2.66,2.08,2.29,2.72,3.32,2.9,3.31,3.28,1.54,0.33,1.97,2.83,0.72,2.83,3.43,1.98,0.22,2.68,1.93,1.43,1.23,1.95,2.29,2.02,2.04,2.85,3.36,1.94,1.97,1.8,0,1.64,1.61,2.63,2.22,1.45,3.92,2.44
5T2A_2_G2006-2_U2022.cif,3.2,1.78,2.12,2.7,2.01,2.82,2.63,3.09,3.31,3.22,3.04,1.76,1.69,1.77,3.24,1.45,2.96,3.14,1.8,1.61,2.36,1.76,1.31,1.48,1.77,2.36,1.88,2.55,3.32,3.09,1.74,1.76,2.28,1.64,0,1.74,3.06,1.81,1.56,3.8,2.88
6WRU_1_G1577-1_U1589.cif,3.08,1.94,1.67,2.16,1.76,2.64,2.79,3.01,3.19,2.92,2.89,0.69,1.71,1.95,3.07,1.69,2.13,3.04,1.98,1.59,2.86,1.96,1.56,1.39,1.98,2.4,1.97,1.91,3.13,3.01,1.94,1.94,1.89,1.61,1.74,0,2.87,2.14,1.01,3.45,2.69
7K00_a_G2304-a_U2312.cif,4.06,3.33,3.24,3.41,3.25,1.17,3.81,3.99,0.93,3.66,3.98,2.85,2.61,3.33,0.88,2.76,3.54,4.08,3.25,2.62,3.54,3.3,2.96,2.96,3.29,3.55,3.37,3.37,0.82,4.02,3.28,3.34,3.23,2.63,3.06,2.87,0,2.55,2.65,4.59,0.41
7QWQ_5_G4740-5_U4959.cif,3.27,2.39,2.3,2.67,2.17,2.21,3.15,3.18,2.82,3.13,3.11,2.2,2.32,2.38,2.71,2.26,3.24,3.27,2.33,2.24,2.85,2.33,2.04,2.36,2.36,2.8,2.37,2.84,2.6,3.25,2.37,2.39,2.31,2.22,1.81,2.14,2.55,0,2.26,3.97,2.38
7VYX_C_G22-C_U40.cif,3.14,1.88,1.93,2.39,1.99,2.53,2.68,3.07,2.97,3.09,2.99,1.04,1.5,1.88,2.85,1.41,2.48,3.14,1.9,1.42,2.69,1.89,1.35,1.09,1.88,2.3,1.93,2.11,2.96,3.04,1.87,1.88,2.12,1.45,1.56,1.01,2.65,2.26,0,3.72,2.47
8EV3_6_G105-6_U179.cif,3.9,3.86,3.68,3.75,3.73,4.32,4.1,3.86,4.75,3.54,3.94,3.64,3.99,3.81,4.63,3.9,3.42,3.85,3.81,3.93,4.09,3.87,3.52,3.67,3.8,3.55,3.8,3.68,4.7,3.79,3.8,3.8,3.87,3.92,3.8,3.45,4.59,3.97,3.72,0,4.43
7UNR_A_G2291-A_U2299.cif,3.95,3.16,3.1,3.29,3.09,0.95,3.67,3.88,1.12,3.5,3.88,2.7,2.45,3.15,1.02,2.6,3.41,3.98,3.08,2.44,3.36,3.13,2.74,2.77,3.11,3.39,3.18,3.18,0.79,3.91,3.1,3.16,3.05,2.44,2.88,2.69,0.41,2.38,2.47,4.43,0
